# Created by Octave 4.2.1, Mon Apr 02 16:37:28 2018 AST <rodri@RodrisMacAir.local>
# name: neuronas
# type: matrix
# rows: 1
# columns: 2
 25 3


